% -------------------------------------------------------------------
%  Generated by MATLAB on 22-Apr-2018 20:38:43
%  MATLAB version: 9.2.0.556344 (R2017a)
%
%  SER values used in report.
%  Persisted here because they change all the time and we need to
%  plot them eventually. Want to plot for same values in report.
% -------------------------------------------------------------------
                              

ser_diff_qam = [-0.036330082828000147; -0.069511374991753749; 0.1408733298692102; ...
                0.14617705742751103; 0.31074392798355682; 0.29020360238640236; ...
                0.23060442958856975; 0.19183182844380578; 0.35708661856502377; ...
                0.20872018076944604; 0.22572932167423809];

ser_diff_qpsk = [0.73247778630385418; 0.59899557871868914; 0.98225652791820894; ...
                 0.69045843994465306; -0.63825585644880589; 1.6208864949747424; ...
                 4.9145814809912567; 13.924302727129337; 15.53151608788065; ...
                 12.053106824912351; 19.265376376218747];

ser_simu_qam = [0.9242; 0.9142; 0.90005; 0.88545; 0.8667; 0.8463; 0.82235; ...
                0.7937; 0.7583; 0.71945; 0.67295];

ser_simu_qpsk = [0.2903; 0.24355; 0.1956; 0.1508; 0.11075; 0.07295; 0.04345; ...
                 0.02185; 0.0103; 0.0043; 0.0013];

ser_theo_qam = [0.92386429835484651; 0.9135647477960962; 0.90131882412288389; ...
                0.88674527144983739; 0.86939740864061532; 0.84875956195569535; ...
                0.82424856461377061; 0.79522403101063532; 0.76101263104982353; ...
                0.72095320608777769; 0.67447076187293686];

ser_theo_qpsk = [0.29243419928146619; 0.24501323609171716; 0.19753077635701113; ...
                 0.15184481834566138; 0.11004538027730584; 0.074142097975631011; ...
                 0.045639180175229381; 0.025120131661972113; 0.012034438450541855; ...
                 0.0048515213204279022; 0.0015771465565028451];

